GPT2_SMALL
317.914
168.475
321.397
85.355
85.089
168.362
332.130
43.563
44.081
85.771
85.997
169.253
326.739
22.234
23.595
43.805
43.260
85.690
85.571
168.573
329.044

BERTLARGE
229.125
115.530
214.240
60.101
60.861
116.447
215.438
31.938
30.949
59.604
60.133
115.902
215.357
20.690
21.747
31.574
31.652
60.163
61.216
116.830
215.158

ResNet50
146.966
75.172
142.281
38.256
38.038
74.760
148.400
19.491
19.689
38.665
38.667
74.932
142.679
10.065
10.251
19.565
19.406
39.884
38.514
76.877
146.639

ResNeXt
27.763
14.351
27.194
7.260
7.346
14.562
28.014
3.807
3.881
7.699
7.669
14.991
29.488
3.755
0
4.707
0
8.491
8.354
15.258
0

VGG19
33.322
17.800
32.918
9.408
9.504
17.681
34.610
5.731
5.958
10.399
9.631
18.348
35.842
3.946
4.136
6.569
5.645
11.072
10.182
19.765
36.675

GNMT
95.507
51.840
96.751
28.186
28.367
50.707
97.144
15.513
15.762
27.953
28.010
52.326
95.787
9.899
0
16.556
0
31.103
29.370
54.955
0
