0.000	0.001	0.000	0.001	0.000	0.001	0.000	0.001
4032.028	0.250	3975.179	0.314	4062.675	0.362	4525.266	0.373
8053.837	0.431	7935.885	0.484	8682.018	0.471	9657.395	0.472
12091.017	0.517	13790.220	0.531	13399.040	0.511	16231.063	0.515
16140.092	0.550	17815.974	0.548	18143.710	0.560	20945.872	0.551
20203.771	0.559	21851.390	0.571	22818.368	0.560	25314.584	0.543
24282.877	0.585	26552.127	0.633	27012.967	0.623	31408.639	0.628
28376.655	0.652	31086.113	0.670	31207.410	0.685	36301.359	0.682
32488.832	0.655	35100.503	0.671	36073.165	0.684	42855.479	0.689
36612.355	0.658	39128.100	0.675	40965.201	0.667	48103.983	0.678
40750.980	0.661	43486.960	0.668	45086.262	0.684	54990.079	0.688
44907.337	0.662	47711.822	0.671	49434.144	0.670	59659.471	0.677
49079.402	0.665	52574.414	0.673	54969.171	0.688	64181.437	0.690
53266.969	0.672	56517.471	0.679	60120.870	0.703	69820.383	0.703
57466.536	0.670	61354.909	0.679	64194.301	0.707	74556.890	0.702
61684.135	0.671	65405.962	0.677	69430.202	0.700	78714.780	0.704
65922.830	0.671	69472.952	0.679	73639.182	0.705	83001.472	0.704
70175.013	0.669	74268.836	0.679	77711.607	0.708	87171.327	0.706
74443.850	0.673	78285.324	0.680	82081.306	0.707	91765.139	0.706
78729.541	0.674	82322.410	0.680	86678.831	0.707	96850.971	0.708
83029.548	0.673	86417.478	0.681	91389.028	0.706	101785.543	0.706
