0.000	0.001	0.000	0.001	0.000	0.001	0.000	0.001
4142.939	0.078	4130.851	0.127	4148.867	0.136	4153.158	0.294
8267.671	0.232	8280.523	0.371	8283.234	0.382	8278.748	0.491
12382.463	0.308	12446.328	0.463	12409.029	0.471	12396.312	0.521
16497.593	0.330	16571.290	0.517	16516.597	0.517	16521.876	0.535
20627.406	0.368	20695.077	0.548	20639.952	0.558	20655.101	0.550
24760.572	0.385	24816.005	0.562	24754.660	0.561	24772.501	0.555
28893.438	0.606	28929.255	0.649	28865.112	0.650	28882.718	0.671
33027.800	0.614	33052.701	0.658	32978.901	0.655	33002.948	0.671
37163.764	0.607	37167.063	0.657	37104.458	0.656	37129.881	0.671
41292.017	0.611	41304.236	0.659	41233.970	0.661	41253.476	0.667
45430.407	0.611	45433.528	0.661	45389.925	0.660	45379.486	0.668
49558.654	0.624	49559.171	0.661	49543.795	0.660	49506.507	0.674
53696.150	0.671	53698.535	0.667	53684.108	0.664	53657.385	0.688
57848.612	0.675	57819.072	0.665	57829.574	0.665	57828.256	0.690
61999.107	0.670	61951.843	0.666	61996.968	0.665	62026.455	0.688
66142.173	0.676	66083.947	0.667	66136.674	0.666	66179.239	0.688
70292.864	0.677	70207.504	0.665	70268.964	0.666	70315.067	0.691
74454.714	0.679	74334.553	0.667	74423.223	0.665	74441.795	0.691
78612.773	0.678	78460.390	0.667	78559.566	0.665	78565.224	0.689
82771.285	0.681	82578.588	0.667	82707.902	0.666	82683.148	0.691
